33333333333333333333
33333333333333333333
33333333300333333333
33333333000033333333
33333330000003333333
33333300000000333333
33333000000000033333
33330000000000003333
33300000000000000333
33000000000000000033
30000000000000000003
00000000000000000000
33333333333333333333
33333333333333333333
22222222222222222220
33333333333333333333
33333333333333333333
22222222222222222222
00000000000000000000
33033033033033033033
00200200200200200200
33333333333333333333
33333333333333333333
33333333333333333333
33333333333333333333
33000000000000000000
03300000000000000000
00330000000000000000
00033000000000000000
00022000000000000000