33333333333333333333
33333333333333333333
33333333333333333333
33333333333333333333
33333333333333333333
33333333333333333333
33333333333333333333
33333333333333333333
33333333333333333333
33333333333333333333
33333333333333333333
33333333333333333333
33333333333333333330
33333333333333333303
33333333333333333033
33333333333333330333
33333333333333303333
33333333333333033333
33333333333330333333
33333333333303333333
33333333333033333333
33333333330333333333
33333333303333333333
33333333033333333333
33333330333333333333
33333303333333333333
33333033333333333333
33330333332222233333
33303333332333233333
33033333332313233333
30333333332333233333
03333333332222233333